244.142
247.063
250.716
260.981
267.133
274.046
280.679
281.837
276.42
272.68
274.162
271.76
282.056
291.699
309.76
321.554
337.537
345.973
353.381
358.33
361.821
363.049
369.683
382.751
389.888
393.801
392.98
387.798
387.345
388.119
393.034
402.077
415.496
423.93
432.668
439.619
442.597
448.848
454.125
463.023
472.864
475.392
482.723
477.398
470.17
474.672
488.446
502.14
512.913
525.253
527.864
531.63
545.575
544.084
548.768
543.553
548.594
558.945
571.166
584.209
597.614
604.358
613.078
617.01
626.179
634.089
648.882
658.563
674.88
683.549
697.079
702.017
723.225
735.832
754.576
776.644
800.732
810.033
824.605
838.565
849.391
854.063
870.922
887.023
915.204
940.344
957.077
974.301
999.671
1015.181
1035.904
1044.164
1057.487
1074.012
1092.643
1094.672
1142.57
1164.246
1184.935
1198.025
1238.784
1274.485
1299.485
1337.927
1388.16
1425.513
1447.715
1490.591
1508.276
1546.453
1575.303
1613.018
1627.512
1663.509
1722.818
1777.797
1836.233
1868.977
1903.677
1952.15
2009.413
2076.658
2139.358
2183.039
2224.853
2350.382
2415.943
2501.54
2552.29
2620.698
2703.659
2760.381
2827.831
2833.163
2890.897
3014.083
3155.609
3192.545
3293.303
3318.447
3310.294
3372.9
3401.349
3436.654
3507.464
3615.589
3727.046
3834.386
3945.094
4047.14
4121.606
4181.775
4255.859
4322.557
4409.267
4469.698
4530.053
4560.834
4625.847
4669.623
4736.524
4824.292
4902.321
5027.678
5098.36
5212.852
5302.996
5422.172
5533.649
5634.129
5719.661
5778.036
5902.22
5991.651
6042.253
6055.22
6074.636
6155.42
6231.047
6297.761
6395.836
6502.819
6595.851
6711.112
6766.665
6839.59
6918.254
7034.356
7143.011
7269.779
7352.37
7475.65
7552.116
7613.638
7701.977
7803.073
7905.735
8061.846
8157.22
8291.163
8385.773
8549.503
8685.903
8782.231
8891.834
8992.195
9130.667
9306.215
9437.614
9557.13
9715.248
9938.31
10035.263
10283.391
10348.645
10490.43
10510.297
10647.427
10623.039
10748.408
10833.143
10918.384
11027.515